index 1 0.004228377216332665
United_States_09d4 2 0.0003415194498368205
Geographic_coordinate_system 3 0.0002736556868064413
Biography 4 0.0002314157464984386
2007 5 0.00020047451974344342
France 6 0.0001438979163341942
2008 7 0.0001271140310343763
United_Kingdom_5ad7 8 0.00012594772853051877
Biological_classification 9 0.00012568072728003942
Music_genre 10 0.00012280147803789987
Record_label 11 0.00012242464040629518
England 12 0.00011040874100665621
2006 13 0.00011032342646763629
Canada 14 9.509534450577992e-05
2005 15 8.799236407176e-05
Internet_Movie_Database_7ea7 16 8.660619153583507e-05
Binomial_nomenclature 17 8.168445207454593e-05
India 18 7.678684030548847e-05
Australia 19 7.663094963843782e-05
Personal_name 20 7.531947055501103e-05
Germany 21 7.371468618191483e-05
Departments_of_France_f3ab 22 7.105005394499012e-05
Studio_album 23 6.991665263437093e-05
Village 24 6.581522144257194e-05
2004 25 6.580453975316413e-05
Japan 26 6.39275264180875e-05
Football_%28soccer%29 27 6.363498061139437e-05
Record_producer 28 6.2980062531739e-05
English_language 29 5.553525249963052e-05
2003 30 5.369813788328659e-05
Conservation_status 31 5.360014789569282e-05
Politician 32 5.331394823335953e-05
Population_density 33 4.722709850713828e-05
2001 34 4.720790378708022e-05
London 35 4.70615158932715e-05
Animal 36 4.7005111814338504e-05
Europe 37 4.661881462505685e-05
Italy 38 4.630003971368638e-05
World_War_II_d045 39 4.590461111276464e-05
Album 40 4.559286257585841e-05
Website 41 4.535799224753349e-05
2002 42 4.460061823997455e-05
Wiktionary 43 4.4274845283821525e-05
Romania 44 4.425617042941275e-05
Metre 45 4.415924861520646e-05
1999 46 4.107818344499467e-05
2000 47 4.096758420203373e-05
Time_zone 48 4.0932937127012716e-05
Public_domain 49 3.9694021087814956e-05
Plant 50 3.838834580216913e-05
